1 0.000006 0.162886
2 0.000002 1.051204
4 0.000002 1.987822
8 0.000002 4.318460
16 0.000002 6.515424
32 0.000002 13.302054
64 0.000003 23.588353
128 0.000003 48.323214
256 0.000003 84.215045
512 0.000003 149.546215
1024 0.000004 272.350494
2048 0.000005 444.843842
4096 0.000007 612.036665
8192 0.000011 746.626214
16384 0.000018 926.763004
32768 0.000036 898.352529
65536 0.000052 1250.866471
131072 0.000076 1713.702662
262144 0.000140 1865.856007
524288 0.000265 1977.307739
1048576 0.000694 1511.345802
